Run semi-empirical minimization
 &qmmm
    qm_theory='AM1', grms_tol=0.0005,
 scfconv=1.d-10, ndiis_attempts=700,   qmcharge=1,
 /
   6    C1       89.4370       86.3310      110.5800 
   6    C2       90.9480       86.3840      110.7130 
   8    O1       91.5690       85.3900      109.8870 
   6    C3       92.3060       84.4420      110.5350 
   8    O2       92.0500       83.9780      111.6400 
   6    C4       93.5530       84.1090      109.7190 
   7    N1       93.3730       82.8700      108.9440 
   1    H1       88.9810       86.3150      111.5810 
   1    H2       89.0860       87.2170      110.0310 
   1    H3       89.1490       85.4220      110.0310 
   1    H4       91.3020       87.3790      110.4070 
   1    H5       91.2160       86.1870      111.7620 
   1    H6       93.7590       84.9380      109.0260 
   1    H7       94.3930       83.9630      110.4140 
   1    H8       92.4750       82.8990      108.4610 
   1    H9       93.3940       82.0690      109.5750 
   1   H10       94.1240       82.7850      108.2610 

